+---+---+---+
|000|000|000|
|000|000|000|
|000|000|000|
+---+---+---+
|000|000|000|
|000|000|000|
|000|000|000|
+---+---+---+
|000|000|000|
|000|000|000|
|000|000|000|
+---+---+---+

0 = empty

+---+---+---+
|000|409|802|
|570|380|004|
|000|002|500|
+---+---+---+
|328|017|060|
|057|930|000|
|900|020|730|
+---+---+---+
|780|100|000|
|605|208|007|
|094|073|050|
+---+---+---+

ressemble a

sudoku = 000409802 570380004 000002500
328017060
057930000
900020730
780100000
605208007
094073050

136459872
572381694
849762513
328517469
457936281
961824735
783145926
615298347
294673158